25
4
0 10220 3460 7735 9864 7344 3292 11979 12275 1284 9858 10905 5768 14138 13728 12998 3965 8764 1489 8418 4934 3303 1165 2051 2806
10220 0 7456 3589 1928 4672 8798 2009 2305 10658 964 935 4566 4168 3758 3028 6379 2456 9369 3116 5704 8211 10539 9521 9082
3460 7456 0 4971 7100 4580 2038 9215 9511 3898 7094 8141 3004 11374 10964 10234 1201 6000 2609 5654 2170 1451 3779 2761 2322
7735 3589 4971 0 3233 2187 6313 5348 5644 8173 3227 4274 2081 7507 7097 6367 3894 2133 6884 1787 3219 5726 8054 7036 6597
9864 1928 7100 3233 0 4316 8442 3687 3983 10302 1566 2613 4210 5846 5436 4706 6023 2100 9013 2760 5348 7855 10183 9165 8726
7344 4672 4580 2187 4316 0 5922 6431 6727 7782 4310 5357 1690 8590 8180 7450 3503 3216 6493 2870 2828 5335 7663 6645 6206
3292 8798 2038 6313 8442 5922 0 10557 10853 3730 8436 9483 4346 12716 12306 11576 2543 7342 2441 6996 3512 1881 3611 2593 2154
11979 2009 9215 5348 3687 6431 10557 0 2024 12417 2723 2414 6325 3887 3477 2747 8138 4215 11128 4875 7463 9970 12298 11280 10841
12275 2305 9511 5644 3983 6727 10853 2024 0 12713 3019 2710 6621 3211 2801 2071 8434 4511 11424 5171 7759 10266 12594 11576 11137
1284 10658 3898 8173 10302 7782 3730 12417 12713 0 10296 11343 6206 14576 14166 13436 4403 9202 1927 8856 5372 3741 1391 2489 3244
9858 964 7094 3227 1566 4310 8436 2723 3019 10296 0 1649 4204 4882 4472 3742 6017 2094 9007 2754 5342 7849 10177 9159 8720
10905 935 8141 4274 2613 5357 9483 2414 2710 11343 1649 0 5251 4573 4163 3433 7064 3141 10054 3801 6389 8896 11224 10206 9767
5768 4566 3004 2081 4210 1690 4346 6325 6621 6206 4204 5251 0 8484 8074 7344 1927 3110 4917 2764 1252 3759 6087 5069 4630
14138 4168 11374 7507 5846 8590 12716 3887 3211 14576 4882 4573 8484 0 1426 2394 10297 6374 13287 7034 9622 12129 14457 13439 13000
13728 3758 10964 7097 5436 8180 12306 3477 2801 14166 4472 4163 8074 1426 0 1984 9887 5964 12877 6624 9212 11719 14047 13029 12590
12998 3028 10234 6367 4706 7450 11576 2747 2071 13436 3742 3433 7344 2394 1984 0 9157 5234 12147 5894 8482 10989 13317 12299 11860
3965 6379 1201 3894 6023 3503 2543 8138 8434 4403 6017 7064 1927 10297 9887 9157 0 4923 3114 4577 1093 1956 4284 3266 2827
8764 2456 6000 2133 2100 3216 7342 4215 4511 9202 2094 3141 3110 6374 5964 5234 4923 0 7913 1660 4248 6755 9083 8065 7626
1489 9369 2609 6884 9013 6493 2441 11128 11424 1927 9007 10054 4917 13287 12877 12147 3114 7913 0 7567 4083 2452 1808 1200 1955
8418 3116 5654 1787 2760 2870 6996 4875 5171 8856 2754 3801 2764 7034 6624 5894 4577 1660 7567 0 3902 6409 8737 7719 7280
4934 5704 2170 3219 5348 2828 3512 7463 7759 5372 5342 6389 1252 9622 9212 8482 1093 4248 4083 3902 0 2925 5253 4235 3796
3303 8211 1451 5726 7855 5335 1881 9970 10266 3741 7849 8896 3759 12129 11719 10989 1956 6755 2452 6409 2925 0 3622 2604 2165
1165 10539 3779 8054 10183 7663 3611 12298 12594 1391 10177 11224 6087 14457 14047 13317 4284 9083 1808 8737 5253 3622 0 2370 3125
2051 9521 2761 7036 9165 6645 2593 11280 11576 2489 9159 10206 5069 13439 13029 12299 3266 8065 1200 7719 4235 2604 2370 0 2107
2806 9082 2322 6597 8726 6206 2154 10841 11137 3244 8720 9767 4630 13000 12590 11860 2827 7626 1955 7280 3796 2165 3125 2107 0